6
1 1
1 2
1 3
2 1
2 2
2 3
6
1 1
1 2
1 3
2 3
2 2
2 1
2
1 1
2 2
4
1 2
1 1
2 1
2 2
7
1 2
1 5
1 1
1 3
2 5
1 4
2 4
10
1 1
1 1
1 1
1 1
1 1
2 1
2 1
2 1
2 1
2 1
10
1 1
1 1
1 1
1 1
1 1
2 1
2 1
2 1
2 1
2 1
4
1 1
1 2
2 2
2 1
10
1 2
1 2
1 2
1 2
1 2
2 2
2 2
2 2
2 2
2 2
10
1 1
1 1
1 1
1 1
1 1
2 1
2 1
2 1
2 1
2 1
10
1 1
1 2
1 3
1 40
1 5
2 5
2 40
2 3
2 2
2 1
10
1 10
1 20
1 50
1 60
1 0
2 10
2 20
2 50
2 60
2 0
6
1 1
1 2
1 3
2 1
2 2
2 3
6
1 1
1 2
1 3
2 3
2 2
2 1
2
1 1
2 2
4
1 2
1 1
2 1
2 2
7
1 2
1 5
1 1
1 3
2 5
1 4
2 4
10
1 1
1 1
1 1
1 1
1 1
2 1
2 1
2 1
2 1
2 1
10
1 1
1 1
1 1
1 1
1 1
2 1
2 1
2 1
2 1
2 1
4
1 1
1 2
2 2
2 1
10
1 2
1 2
1 2
1 2
1 2
2 2
2 2
2 2
2 2
2 2
10
1 1
1 1
1 1
1 1
1 1
2 1
2 1
2 1
2 1
2 1
10
1 1
1 2
1 3
1 40
1 5
2 5
2 40
2 3
2 2
2 1
10
1 10
1 20
1 50
1 60
1 0
2 10
2 20
2 50
2 60
2 0
10
1 10
1 20
1 50
1 60
1 0
2 10
2 20
2 50
2 60
2 0
2
1 100
2 100
2
1 200
2 100
6
1 1
2 1
1 2
2 2
1 3
2 3
8
1 1
2 1
1 2
2 2
1 3
2 3
1 4
2 3
8
1 11
1 10
1 20
2 20
2 11
1 2
2 10
2 2
4
1 1
1 2
1 2
2 2
8
1 3
1 2
2 2
2 3
1 1
1 4
2 4
2 1
