3
10.00
20.00
30.00
4
15.00
15.01
3.00
3.01
8
11.99
12.50
39.00
99.99
50.89
10.00
9.15
5.55
4
15.02
15.01
3.00
3.01
12
0.01
0.02
0.03
0.04
0.05
0.06
0.07
0.08
0.09
0.10
0.11
0.12
4
15.02
15.01
3.00
6.02
25
68.63
31.40
17.19
24.01
12.05
48.20
72.06
85.60
74.31
2.26
60.53
96.73
19.55
43.41
63.72
92.46
50.68
1.38
95.67
81.92
6.01
39.93
82.53
38.44
27.97
50
9647.61
5242.44
4342.69
3966.90
4100.25
9697.40
5198.83
8863.03
7301.87
320.64
6525.75
3653.64
5225.58
6011.26
1971.33
2426.45
8698.17
5935.62
8304.91
2672.58
1391.07
5256.19
2253.21
8387.84
1351.50
66.03
5056.00
5419.82
6017.56
5477.19
4252.91
7431.58
7993.71
8426.18
5775.17
4019.21
2249.45
8452.56
8738.06
4567.22
5195.13
7133.73
6676.59
5162.45
8648.65
1114.70
8255.01
8299.87
4634.56
4290.29
3
0.03
0.03
0.03
15
0.01
0.03
0.03
0.03
0.03
0.03
0.03
0.03
0.03
0.03
0.03
0.03
0.03
0.03
0.03
12
123.12
6.13
9.44
89.08
278.78
223.78
78.45
912.89
554.76
547.57
1781.89
907.07
3
10.00
20.00
30.00
4
15.00
15.01
3.00
3.01
3
6.17
5.00
4.03
12
123.12
6.13
9.44
89.08
278.78
223.78
78.45
912.89
554.76
547.57
1781.89
907.07
2
4.99
15.00
1
10.00
15
0.01
0.01
0.01
0.01
0.01
0.01
0.01
0.01
0.01
0.01
0.01
0.01
0.01
0.01
0.03
5
5000.00
11.11
11.11
11.11
11.11
15
0.01
0.03
0.03
0.03
0.03
0.03
0.03
0.03
0.03
0.03
0.03
0.03
0.03
0.03
0.03
4
25.00
25.00
25.00
28.00
3
10.01
15.25
18.96
4
25.03
25.00
25.00
25.00
0
